(null)
5
253
249
74
2
1
1
0
1
0
0
1
1
1
0
1
0
2
0
2
0
0
0
1
0
1
0
0
1
1
1
2
0
0
1
0
1
1
0
1
1
3
177
129
64
2
4
2
0
1
1
1
0
0
1
1
0
0
2
1
1
0
1
0
0
0
0
0
0
0
4
2
0
1
0
0
1
1
1
1
0
1
4
1
1
0
0
0
0
0
1
1
0
3
178
5
46
4
3
3
1
0
0
1
1
0
0
0
1
1
1
0
0
1
0
1
0
1
1
0
0
2
1
0
0
1
0
0
1
1
0
1
4
3
1
0
0
0
1
0
0
1
0
0
1
3
3
1
2
0
1
1
1
0
1
1
1
1
0
3
3
1
1
0
1
1
1
0
0
0
0
4
0
0
0
0
1
1
0
0
0
1
0
1
1
0
1
1
0
0
0
0
0
0
219
205
65
5
0
2
2
1
1
0
1
0
0
1
0
0
2
2
0
1
0
0
1
1
1
1
0
1
2
1
1
1
1
0
0
0
1
1
1
0
2
3
3
0
1
0
1
0
0
0
0
1
0
0
0
1
0
0
1
1
0
0
1
0
4
1
0
0
1
1
0
0
0
1
0
3
0
1
0
0
0
1
1
1
1
0
0
0
3
4
3
1
1
0
1
0
0
0
0
0
1
3
0
1
0
1
0
1
0
0
1
0
4
0
1
0
0
0
1
1
0
1
1
1
28
198
160
2
3
3
1
1
1
0
1
1
0
0
0
1
2
1
0
1
1
0
0
1
1
1
0
4
1
0
1
0
1
1
1
1
0
1
3
2
2
2
1
1
0
1
0
0
1
0
1
3
0
0
0
0
1
1
1
0
0
0
3

