(null)
4
110
134
107
3
1
1
2
1
0
1
1
1
1
1
0
0
1
3
1
0
0
0
1
0
1
0
0
1
1
0
3
2
0
0
0
0
1
0
1
0
1
0
2
2
0
1
0
1
0
1
1
1
0
2
249
211
231
2
2
1
1
1
1
1
0
0
0
0
1
1
2
3
2
2
1
0
0
1
0
0
0
0
0
0
1
1
1
0
1
0
0
0
0
0
0
171
7
21
4
2
2
0
1
1
0
1
1
1
1
0
0
3
1
1
1
1
0
0
0
0
0
1
2
1
1
0
0
0
1
0
1
1
1
0
0
3
3
1
2
1
0
0
1
1
1
0
1
1
0
2
3
1
0
0
0
1
1
1
0
1
0
3
0
0
0
1
0
0
0
1
0
1
3
0
0
0
1
0
0
0
0
1
1
3
212
174
37
3
0
2
0
1
0
1
1
0
0
1
0
0
1
0
1
0
0
0
1
0
0
1
1
2
0
3
2
0
1
1
1
1
0
0
0
0
0
0
1
1
1
0
0
1
1
1
0
3
2
0
0
0
1
1
0
0
0
0
3
0
3
0
1
1
0
1
1
1
0
0
1
1
0
1
1
0
1
0
0
0
1
1
0
2
0
1
1
1
0
1
1
0
1
0

