(null)
3
146
31
248
3
2
3
1
1
1
1
0
0
1
0
0
1
1
1
1
1
1
1
1
1
1
1
1
0
1
0
0
1
1
1
1
1
0
1
0
1
1
1
1
1
1
0
0
1
0
0
1
1
0
1
1
0
0
1
0
1
1
0
1
0
1
4
177
226
2
0
1
0
0
1
1
1
1
1
0
1
0
0
2
1
2
0
0
1
1
1
1
1
1
1
2
211
165
192
5
0
3
2
0
1
1
0
0
0
0
1
1
1
0
1
1
0
1
0
0
1
0
1
0
2
1
1
0
0
0
1
1
1
1
2
0
3
1
0
1
0
0
1
0
1
1
1
1
1
0
0
0
0
0
1
1
0
0
1
1
0
1
0
0
0
0
1
0
1
1
2
3
0
0
0
0
0
1
1
1
1
1
0
2
1
0
1
0
0
1
0
0
0
1
1
0
1
0
0
0
0
1
1
1
2
1
1
1
0
1
1
1
1
0
0
1
1
2
0
3
2
0
1
0
1
0
0
0
0
1
2
1
0
1
1
1
1
0
1
1
0
1
1
1
0
0
1
1
1
0
1
0
2

