(null)
3
70
45
197
5
1
3
0
0
0
0
1
0
1
1
0
1
1
0
1
0
0
0
1
1
1
1
1
1
2
0
1
0
0
0
1
0
0
1
2
2
2
0
1
1
1
1
1
0
1
1
1
2
1
1
1
0
0
1
0
1
0
1
1
1
2
2
1
0
1
0
1
0
1
0
1
2
0
0
0
0
1
1
1
1
1
0
0
2
3
1
0
0
1
1
1
0
1
1
0
1
0
0
0
1
1
1
0
1
0
0
0
2
0
1
1
1
1
1
1
1
1
0
0
3
1
0
1
0
0
1
1
0
1
0
2
0
0
1
0
0
0
1
0
0
0
0
1
0
0
0
0
1
0
0
1
1
2
201
163
29
5
2
2
2
1
0
1
1
1
0
1
1
0
0
1
0
0
0
1
1
1
0
0
0
0
1
3
0
1
1
0
0
0
1
0
0
1
1
0
1
0
1
0
1
1
0
0
0
1
2
1
1
1
1
1
1
0
1
1
1
1
2
0
0
0
1
0
0
1
0
1
1
2
1
0
0
0
1
0
0
1
0
0
0
0
3
2
1
1
1
0
0
0
1
1
1
2
0
1
1
0
1
0
1
1
0
1
2
1
1
0
1
0
1
0
0
0
1
2
0
2
1
1
0
1
1
1
0
0
1
0
1
0
1
1
1
1
0
1
1
0
0
1
20
23
1
4
1
3
1
0
1
1
0
0
1
1
1
1
0
2
1
0
1
1
0
0
0
1
1
0
0
0
0
1
0
1
1
1
0
1
2
2
3
2
1
1
1
1
1
1
0
0
1
2
2
0
0
1
1
0
0
0
1
0
2
1
1
1
0
0
1
1
0
1
1
1
1
3
1
1
1
1
0
0
0
0
0
1
1
2
0
1
0
1
0
0
1
0
1
1
1
1
1
0
0
1
0
1
1
1
0
1
3
2
1
0
1
1
0
0
0
0
0
1
1
1
0
0
1
1
0
0
1
1
0
2
1
0
1
1
1
0
0
0
0
1

