(null)
5
245
32
0
4
3
2
0
0
1
0
0
1
0
0
1
1
2
2
0
1
0
0
1
0
1
0
0
2
4
2
2
0
1
0
1
1
1
1
0
0
1
0
1
1
1
1
1
0
0
1
1
3
3
3
1
1
0
0
0
0
1
0
1
0
4
1
1
1
1
0
1
0
1
1
0
4
0
1
1
1
0
1
1
0
0
1
2
4
3
1
1
1
0
0
0
1
1
0
1
1
2
1
1
1
1
1
1
1
1
1
3
2
1
0
1
0
0
0
1
1
0
0
231
203
88
3
0
2
0
0
1
0
1
1
1
0
1
0
0
1
1
0
0
0
1
1
0
1
0
2
3
3
0
0
0
1
0
1
1
0
1
1
4
1
0
0
1
1
0
1
0
1
1
4
0
1
0
0
0
1
1
1
1
0
4
2
1
1
0
1
0
0
1
1
0
0
0
4
199
28
239
5
2
2
1
1
1
1
1
0
1
0
1
0
4
2
0
1
0
0
0
0
0
0
0
2
1
3
1
1
0
1
0
0
1
1
0
0
3
0
0
1
0
1
0
1
0
0
1
4
2
1
1
1
1
0
1
1
1
1
1
2
3
1
1
0
1
0
1
1
1
0
0
4
2
0
0
1
1
1
1
0
1
0
2
1
0
0
1
1
1
1
1
0
1
4
1
2
2
1
1
0
0
0
0
1
0
1
3
0
1
0
0
1
0
0
1
1
0
4
4
3
2
1
0
1
0
0
1
0
0
1
3
2
1
1
0
1
0
1
0
0
0
1
2
0
0
1
1
0
0
1
0
1
0
255
251
125
5
1
1
2
1
1
0
1
1
0
0
0
1
4
0
2
0
0
0
1
1
0
1
1
0
0
3
1
1
1
0
1
1
0
0
1
1
4
1
2
0
0
0
0
1
1
1
1
1
0
4
2
1
1
1
0
1
1
0
1
1
3
2
1
1
1
1
1
1
1
0
0
1
1
3
0
3
0
1
1
1
0
1
0
0
0
0
0
2
1
0
1
0
1
1
0
1
0
4
0
1
1
1
1
1
1
0
0
1
0
140
171
26
4
3
1
2
1
0
1
1
1
1
0
1
1
2
3
2
2
1
1
1
1
0
1
1
0
0
3
1
0
0
0
0
1
1
1
0
1
4
4
3
0
0
0
0
1
1
0
1
0
1
4
0
1
1
1
0
0
0
1
1
0
3
1
0
1
1
0
0
0
0
0
1
0
4
3
1
1
0
1
0
1
1
1
1
0
0
1
0
1
0
0
1
1
1
1
0
1
1
0
0
1
0
1
0
1
0
1
0

