(null)
3
235
145
139
2
0
2
1
0
1
1
1
1
0
1
0
0
2
1
1
0
1
0
1
1
1
1
1
2
2
1
0
0
1
0
1
1
0
0
1
0
1
195
143
167
4
1
1
2
0
0
1
0
0
0
1
0
0
0
2
3
2
0
1
0
1
1
0
0
1
0
0
0
0
1
1
0
0
0
0
1
0
0
2
0
1
0
1
0
1
1
0
0
2
2
1
0
0
1
0
1
1
0
0
1
1
0
1
1
0
0
0
0
1
0
0
0
1
1
2
203
21
158
5
1
2
2
1
1
0
1
1
1
0
0
0
1
2
1
1
0
1
0
0
0
0
1
2
0
3
0
0
1
0
1
1
1
0
1
0
0
0
0
0
0
1
1
1
1
1
0
1
2
0
1
0
1
0
1
0
1
1
1
1
1
0
1
1
1
0
0
1
0
0
1
0
1
3
0
0
0
1
0
0
1
1
0
1
0
0
1
1
1
1
0
1
1
1
0
0
0
1
1
1
1
1
0
1
1
1
0
1
3
0
1
1
1
0
1
0
1
0
0
2
1
1
1
1
1
0
1
1
0
1
1
2
1
0
1
1
0
0
1
1
1
0

