Rule 450
4
42
24
98
4
0
3
0
0
1
0
0
1
0
1
1
1
1
1
0
1
1
0
1
0
0
1
0
0
2
1
0
0
0
1
0
0
0
0
3
1
1
1
1
0
1
0
0
0
0
0
1
2
0
1
1
0
0
1
0
1
0
0
1
1
3
2
2
2
1
0
1
0
0
1
1
1
1
1
2
1
1
0
0
0
1
0
1
0
0
181
102
164
2
2
3
1
0
0
1
1
1
1
1
0
0
1
2
0
1
1
1
1
1
1
1
1
1
1
0
1
0
0
0
0
1
1
1
1
3
2
0
1
1
1
1
0
0
1
1
0
1
0
1
0
1
1
1
1
0
0
1
1
105
242
137
5
0
2
0
0
1
0
1
0
0
1
1
0
3
0
1
1
0
1
1
0
1
1
1
0
3
2
1
0
1
0
0
0
1
1
0
1
0
2
1
1
1
0
1
0
1
0
1
3
2
2
2
1
0
1
1
0
0
1
1
0
0
1
1
0
1
1
0
1
0
0
1
1
0
2
2
1
1
1
1
1
0
1
1
0
1
0
1
1
0
0
1
1
0
0
0
1
2
3
0
0
0
1
0
0
1
1
1
0
0
1
1
0
0
0
1
0
0
1
1
2
2
1
1
0
1
1
1
1
0
1
1
32
62
124
3
3
1
2
1
1
0
1
1
0
1
1
0
3
0
2
0
0
1
0
1
1
0
0
1
0
1
0
1
1
0
1
0
0
0
1
0
2
0
3
0
1
0
0
0
0
0
1
0
1
1
0
0
0
0
0
0
1
1
1
0
1
1
1
1
1
0
0
0
1
1
0
3

