Rule 24
4
33
191
17
5
1
3
2
0
0
1
0
0
0
1
0
0
0
2
0
0
1
0
1
0
1
0
1
2
2
1
0
1
1
1
0
1
1
1
1
1
1
2
1
0
1
1
1
1
1
0
0
2
1
2
0
0
0
0
0
1
1
1
0
1
2
2
0
0
0
0
0
1
0
0
0
3
0
2
1
0
1
1
0
0
0
0
0
0
3
2
1
0
0
0
1
0
0
1
1
0
1
1
2
0
0
0
1
1
0
1
0
0
2
37
126
38
1
3
3
1
0
1
1
1
1
0
0
0
0
1
1
1
1
1
0
0
1
1
0
1
0
1
0
1
1
1
1
1
1
0
0
3
218
238
184
2
0
2
0
1
0
1
1
0
1
0
0
0
0
1
0
1
0
1
0
0
1
1
0
1
3
1
2
1
0
1
1
0
0
0
0
0
2
186
193
72
4
0
3
1
1
0
1
0
1
0
1
1
1
0
1
1
0
0
0
1
0
0
0
1
1
0
0
1
1
1
1
0
0
0
0
2
3
1
2
0
1
0
1
1
0
0
1
1
0
0
1
2
0
0
1
0
1
1
1
0
1
0
3
1
0
1
1
0
0
1
1
1
0
1
3

